0.8121884100254345
0.7462271119311213
0.6811531942562103
0.595044778437449
0.5627880260449322
0.46900491190011856
0.49426764131020307
0.3974433737216072
0.48421321438577564
0.36139873180168564
0.4388462551267797
0.3385480354192987
0.4265042502144125
0.32249618758528176
0.3067531991156239
0.31443548597189863
0.28246956456895583
0.3070034950159584
0.27244936059595054
0.3149248076520457
0.26259840418126984
0.29135886662177196
0.2539771082419096
0.2877100077989282
0.25234394326600823
0.297444123738485
0.25656559333115864
0.2467003554340737
0.2692306666249123
0.22826041455176352
0.26210386097598404
0.2296312729522156
0.27203594114871854
0.2290522633624903
0.2415220065709847
0.2302361357823995
0.2606624935410815
0.23113224396873744
0.24929309730696783
0.23333643660984962
0.22979405014275892
0.23310406445579696
0.2108613392457897
0.2263333382028008
0.21541705070328657
0.23195672180982724
0.20937172946345467
0.22514343449250426
0.21181469442104925
0.22868012735269294
0.21192075125282578
0.22429632753473994
0.21425530386214414
0.20831767087888692
0.21883871129866558
0.20373072145448004
0.2129412671050756
0.20462806947704265
0.22043003231729782
0.20502955257862046
0.2152379443270043
0.20498234966764303
0.2105544693938733
0.2037732402997907
0.21415478885510403
0.2070906354230548
0.20609982339364252
0.21575443290327392
0.1975465211599623
0.21577354513728145
0.19739615572334157
0.21695909985269832
0.20012758098041852
0.2020621065439074
0.19494005038137147
0.20323823093969004
0.19845790475686403
0.20579748609225285
0.19763000569011874
0.20595848999678562
0.20185987640402184
0.19610176657080036
0.1962845947509689
0.19095544700311143
0.20268535701351315
0.19474125550124974
0.2024512118760868
0.19423309957833848
0.20310631725880227
0.19432918586476886
0.1990568199626433
0.19237852257292382
0.19876314081490593
0.19595530393512825
0.1909599812683572
0.19528119331948937
0.18906794959294437
0.1948097797782786
